 0,0000;       0
 0,0201;       0
 0,0401;       0
 0,0602;       0
 0,0802;       0
 0,1003;       0
 0,1203;       0
 0,1403;       0
 0,1604;       0
 0,1804;       0
 0,2005;       0
 0,2205;       0
 0,2405;       0
 0,2606;       1
 0,2806;       0
 0,3007;       4
 0,3207;      71
 0,3407;     735
 0,3608;    3556
 0,3808;    7722
 0,4009;    7839
 0,4209;    3472
 0,4410;     746
 0,4610;      80
 0,4810;       8
 0,5011;       1
 0,5211;       6
 0,5412;       0
 0,5612;       0
 0,5812;     149
 0,6013;     167
 0,6213;     139
 0,6414;     158
 0,6614;     156
 0,6815;     145
 0,7015;     142
 0,7215;     102
 0,7416;     123
 0,7616;     130
 0,7817;     114
 0,8017;     128
 0,8217;     137
 0,8418;     151
 0,8618;     133
 0,8819;     149
 0,9019;     134
 0,9219;     151
 0,9420;     152
 0,9620;     160
 0,9821;     131
 1,0021;     118
 1,0222;     112
 1,0422;     138
 1,0622;     126
 1,0823;     146
 1,1023;     130
 1,1224;     120
 1,1424;     133
 1,1624;     150
 1,1825;     134
 1,2025;     172
 1,2226;     202
 1,2426;     190
 1,2627;     167
 1,2827;     142
 1,3027;     113
 1,3228;     103
 1,3428;     106
 1,3629;     107
 1,3829;     119
 1,4029;     116
 1,4230;     127
 1,4430;     115
 1,4631;     153
 1,4831;     172
 1,5032;     171
 1,5232;     145
 1,5432;     128
 1,5633;     153
 1,5833;     215
 1,6034;     269
 1,6234;     371
 1,6434;     495
 1,6635;     724
 1,6835;    1026
 1,7036;    1593
 1,7236;    2037
 1,7436;    2184
 1,7637;    1679
 1,7837;     989
 1,8038;     554
 1,8238;     364
 1,8439;     262
 1,8639;     219
 1,8839;     173
 1,9040;     195
 1,9240;     232
 1,9441;     268
 1,9641;     326
 1,9841;     357
 2,0042;     407
 2,0242;     692
 2,0443;    1497
 2,0643;    3357
 2,0844;    6052
 2,1044;    8830
 2,1244;   10585
 2,1445;   10417
 2,1645;    9693
 2,1846;    8979
 2,2046;    8186
 2,2246;    6334
 2,2447;    4444
 2,2647;    2382
 2,2848;    1092
 2,3048;     551
 2,3248;     376
 2,3449;     363
 2,3649;     445
 2,3850;     531
 2,4050;     586
 2,4251;     535
 2,4451;     434
 2,4651;     356
 2,4852;     246
 2,5052;     220
 2,5253;     196
 2,5453;     216
 2,5653;     288
 2,5854;     345
 2,6054;     557
 2,6255;     776
 2,6455;    1268
 2,6656;    1723
 2,6856;    2016
 2,7056;    2168
 2,7257;    1803
 2,7457;    1398
 2,7658;    1089
 2,7858;    1007
 2,8058;    1114
 2,8259;    1231
 2,8459;    1309
 2,8660;    1211
 2,8860;    1216
 2,9060;    1352
 2,9261;    1731
 2,9461;    1943
 2,9662;    1916
 2,9862;    1732
 3,0063;    1217
 3,0263;     840
 3,0463;     586
 3,0664;     399
 3,0864;     317
 3,1065;     343
 3,1265;     350
 3,1465;     422
 3,1666;     409
 3,1866;     433
 3,2067;     385
 3,2267;     413
 3,2468;     379
 3,2668;     375
 3,2868;     401
 3,3069;     361
 3,3269;     390
 3,3470;     361
 3,3670;     323
 3,3870;     289
 3,4071;     262
 3,4271;     250
 3,4472;     271
 3,4672;     291
 3,4873;     294
 3,5073;     315
 3,5273;     313
 3,5474;     332
 3,5674;     305
 3,5875;     378
 3,6075;     506
 3,6275;     684
 3,6476;    1032
 3,6676;    1255
 3,6877;    1465
 3,7077;    1382
 3,7277;    1091
 3,7478;     840
 3,7678;     583
 3,7879;     418
 3,8079;     319
 3,8280;     279
 3,8480;     296
 3,8680;     300
 3,8881;     263
 3,9081;     285
 3,9282;     281
 3,9482;     317
 3,9682;     309
 3,9883;     370
 4,0083;     381
 4,0284;     375
 4,0484;     345
 4,0685;     312
 4,0885;     259
 4,1085;     260
 4,1286;     227
 4,1486;     203
 4,1687;     214
 4,1887;     205
 4,2087;     229
 4,2288;     220
 4,2488;     205
 4,2689;     198
 4,2889;     223
 4,3089;     238
 4,3290;     225
 4,3490;     234
 4,3691;     305
 4,3891;     427
 4,4092;     596
 4,4292;     895
 4,4492;    1370
 4,4693;    1836
 4,4893;    2374
 4,5094;    2471
 4,5294;    2335
 4,5494;    1881
 4,5695;    1282
 4,5895;     895
 4,6096;     613
 4,6296;     375
 4,6497;     310
 4,6697;     274
 4,6897;     302
 4,7098;     283
 4,7298;     341
 4,7499;     323
 4,7699;     349
 4,7899;     373
 4,8100;     371
 4,8300;     412
 4,8501;     522
 4,8701;     515
 4,8901;     654
 4,9102;     695
 4,9302;     687
 4,9503;     675
 4,9703;     642
 4,9904;     521
 5,0104;     504
 5,0304;     449
 5,0505;     385
 5,0705;     377
 5,0906;     361
 5,1106;     405
 5,1306;     414
 5,1507;     418
 5,1707;     426
 5,1908;     417
 5,2108;     425
 5,2309;     453
 5,2509;     525
 5,2709;     515
 5,2910;     577
 5,3110;     645
 5,3311;     757
 5,3511;     827
 5,3711;     940
 5,3912;    1063
 5,4112;     993
 5,4313;     953
 5,4513;     901
 5,4714;     767
 5,4914;     612
 5,5114;     532
 5,5315;     492
 5,5515;     503
 5,5716;     475
 5,5916;     509
 5,6116;     512
 5,6317;     524
 5,6517;     502
 5,6718;     526
 5,6918;     565
 5,7118;     561
 5,7319;     557
 5,7519;     623
 5,7720;     648
 5,7920;     663
 5,8121;     712
 5,8321;     799
 5,8521;     828
 5,8722;     857
 5,8922;     892
 5,9123;    1011
 5,9323;     937
 5,9523;     909
 5,9724;     879
 5,9924;     810
 6,0125;     825
 6,0325;     757
 6,0526;     781
 6,0726;     735
 6,0926;     769
 6,1127;     865
 6,1327;     815
 6,1528;     884
 6,1728;    1015
 6,1928;    1118
 6,2129;    1196
 6,2329;    1398
 6,2530;    1552
 6,2730;    1780
 6,2930;    2017
 6,3131;    2577
 6,3331;    3076
 6,3532;    3763
 6,3732;    4317
 6,3933;    4575
 6,4133;    4527
 6,4333;    4030
 6,4534;    3272
 6,4734;    2557
 6,4935;    1745
 6,5135;    1232
 6,5335;     946
 6,5536;     746
 6,5736;     657
 6,5937;     594
 6,6137;     541
 6,6338;     547
 6,6538;     532
 6,6738;     556
 6,6939;     571
 6,7139;     552
 6,7340;     560
 6,7540;     588
 6,7740;     599
 6,7941;     559
 6,8141;     584
 6,8342;     622
 6,8542;     644
 6,8742;     689
 6,8943;     689
 6,9143;     697
 6,9344;     708
 6,9544;     792
 6,9745;     802
 6,9945;     934
 7,0145;     933
 7,0346;     993
 7,0546;     976
 7,0747;    1010
 7,0947;     984
 7,1147;     815
 7,1348;     728
 7,1548;     711
 7,1749;     692
 7,1949;     754
 7,2150;     712
 7,2350;     783
 7,2550;     846
 7,2751;     856
 7,2951;     899
 7,3152;     886
 7,3352;     840
 7,3552;     974
 7,3753;     995
 7,3953;     964
 7,4154;    1130
 7,4354;    1154
 7,4555;    1225
 7,4755;    1190
 7,4955;    1140
 7,5156;    1016
 7,5356;     967
 7,5557;     827
 7,5757;     739
 7,5957;     678
 7,6158;     667
 7,6358;     599
 7,6559;     615
 7,6759;     617
 7,6959;     628
 7,7160;     679
 7,7360;     706
 7,7561;     693
 7,7761;     674
 7,7962;     771
 7,8162;     727
 7,8362;     743
 7,8563;     735
 7,8763;     753
 7,8964;     789
 7,9164;     786
 7,9364;     799
 7,9565;     884
 7,9765;     921
 7,9966;     956
 8,0166;     993
 8,0367;     948
 8,0567;     911
 8,0767;     926
 8,0968;     883
 8,1168;     836
 8,1369;     828
 8,1569;     753
 8,1769;     743
 8,1970;     730
 8,2170;     764
 8,2371;     778
 8,2571;     808
 8,2771;     860
 8,2972;     848
 8,3172;     801
 8,3373;     820
 8,3573;     926
 8,3774;    1046
 8,3974;    1209
 8,4174;    1665
 8,4375;    1856
 8,4575;    2240
 8,4776;    2490
 8,4976;    2644
 8,5176;    2654
 8,5377;    2480
 8,5577;    2189
 8,5778;    1906
 8,5978;    1594
 8,6179;    1333
 8,6379;    1098
 8,6579;    1050
 8,6780;     967
 8,6980;     875
 8,7181;     808
 8,7381;     826
 8,7581;     845
 8,7782;     843
 8,7982;     799
 8,8183;     846
 8,8383;     797
 8,8583;     792
 8,8784;     797
 8,8984;     793
 8,9185;     778
 8,9385;     803
 8,9586;     816
 8,9786;     817
 8,9986;     789
 9,0187;     838
 9,0387;     803
 9,0588;     808
 9,0788;     804
 9,0988;     788
 9,1189;     824
 9,1389;     821
 9,1590;     841
 9,1790;     777
 9,1991;     811
 9,2191;     829
 9,2391;     783
 9,2592;     859
 9,2792;     808
 9,2993;     841
 9,3193;     897
 9,3393;     884
 9,3594;     827
 9,3794;     908
 9,3995;     945
 9,4195;     943
 9,4396;    1084
 9,4596;    1197
 9,4796;    1444
 9,4997;    1937
 9,5197;    2747
 9,5398;    4106
 9,5598;    6241
 9,5798;    9332
 9,5999;   13440
 9,6199;   18947
 9,6400;   25406
 9,6600;   31911
 9,6800;   37945
 9,7001;   42636
 9,7201;   43743
 9,7402;   41714
 9,7602;   37010
 9,7803;   30622
 9,8003;   23557
 9,8203;   16770
 9,8404;   11026
 9,8604;    7214
 9,8805;    4300
 9,9005;    2851
 9,9205;    1870
 9,9406;    1383
 9,9606;    1196
 9,9807;    1055
10,0007;     973
10,0208;     874
10,0408;     924
10,0608;     866
10,0809;     879
10,1009;     841
10,1210;     879
10,1410;     885
10,1610;     890
10,1811;     966
10,2011;     987
10,2212;    1110
10,2412;    1207
10,2612;    1336
10,2813;    1366
10,3013;    1451
10,3214;    1485
10,3414;    1331
10,3615;    1313
10,3815;    1194
10,4015;    1119
10,4216;    1019
10,4416;     916
10,4617;     921
10,4817;     906
10,5017;     874
10,5218;     810
10,5418;     875
10,5619;     842
10,5819;     842
10,6020;     831
10,6220;     797
10,6420;     812
10,6621;     824
10,6821;     792
10,7022;     809
10,7222;     847
10,7422;     817
10,7623;     822
10,7823;     795
10,8024;     868
10,8224;     852
10,8424;     873
10,8625;     872
10,8825;     846
10,9026;     828
10,9226;     833
10,9427;     912
10,9627;     893
10,9827;     998
11,0028;    1022
11,0228;    1098
11,0429;    1225
11,0629;    1441
11,0829;    1727
11,1030;    1952
11,1230;    2365
11,1431;    2827
11,1631;    3215
11,1832;    3602
11,2032;    3675
11,2232;    3641
11,2433;    3839
11,2633;    3950
11,2834;    4635
11,3034;    5604
11,3234;    7459
11,3435;   10212
11,3635;   13915
11,3836;   17599
11,4036;   21427
11,4237;   24434
11,4437;   26526
11,4637;   27143
11,4838;   26709
11,5038;   24750
11,5239;   22762
11,5439;   20794
11,5639;   19072
11,5840;   17354
11,6040;   15473
11,6241;   13410
11,6441;   11890
11,6641;    9766
11,6842;    7760
11,7042;    6022
11,7243;    4610
11,7443;    3444
11,7644;    2625
11,7844;    2059
11,8044;    1712
11,8245;    1522
11,8445;    1513
11,8646;    1528
11,8846;    1579
11,9046;    1658
11,9247;    1569
11,9447;    1532
11,9648;    1569
11,9848;    1324
12,0049;    1197
12,0249;    1102
12,0449;    1011
12,0650;     966
12,0850;     912
12,1051;     838
12,1251;     810
12,1451;     785
12,1652;     766
12,1852;     734
12,2053;     663
12,2253;     741
12,2453;     678
12,2654;     666
12,2854;     660
12,3055;     672
12,3255;     668
12,3456;     632
12,3656;     652
12,3856;     643
12,4057;     666
12,4257;     568
12,4458;     650
12,4658;     689
12,4858;     714
12,5059;     627
12,5259;     676
12,5460;     632
12,5660;     630
12,5861;     640
12,6061;     621
12,6261;     647
12,6462;     639
12,6662;     658
12,6863;     664
12,7063;     663
12,7263;     633
12,7464;     687
12,7664;     670
12,7865;     641
12,8065;     633
12,8265;     632
12,8466;     713
12,8666;     717
12,8867;     688
12,9067;     718
12,9268;     682
12,9468;     804
12,9668;     705
12,9869;     748
13,0069;     746
13,0270;     686
13,0470;     729
13,0670;     700
13,0871;     735
13,1071;     704
13,1272;     685
13,1472;     706
13,1673;     717
13,1873;     814
13,2073;     936
13,2274;     994
13,2474;    1316
13,2675;    1642
13,2875;    2033
13,3075;    2417
13,3276;    2935
13,3476;    3311
13,3677;    3520
13,3877;    3728
13,4078;    3620
13,4278;    3389
13,4478;    2977
13,4679;    2557
13,4879;    2159
13,5080;    1722
13,5280;    1351
13,5480;    1134
13,5681;    1055
13,5881;    1087
13,6082;    1004
13,6282;    1093
13,6482;    1128
13,6683;    1202
13,6883;    1376
13,7084;    1450
13,7284;    1463
13,7485;    1468
13,7685;    1466
13,7885;    1418
13,8086;    1352
13,8286;    1264
13,8487;    1138
13,8687;    1021
13,8887;     901
13,9088;     820
13,9288;     749
13,9489;     644
13,9689;     618
13,9890;     663
14,0090;     625
14,0290;     604
14,0491;     577
14,0691;     603
14,0892;     552
14,1092;     566
14,1292;     568
14,1493;     578
14,1693;     637
14,1894;     585
14,2094;     587
14,2294;     621
14,2495;     663
14,2695;     712
14,2896;     665
14,3096;     657
14,3297;     687
14,3497;     608
14,3697;     606
14,3898;     564
14,4098;     563
14,4299;     585
14,4499;     548
14,4699;     543
14,4900;     551
14,5100;     535
14,5301;     519
14,5501;     526
14,5702;     559
14,5902;     546
14,6102;     487
14,6303;     501
14,6503;     525
14,6704;     518
14,6904;     483
14,7104;     503
14,7305;     537
14,7505;     506
14,7706;     547
14,7906;     535
14,8106;     493
14,8307;     500
14,8507;     491
14,8708;     531
14,8908;     487
14,9109;     499
14,9309;     496
14,9509;     498
14,9710;     548
14,9910;     453
15,0111;     527
15,0311;     489
15,0511;     464
15,0712;     469
15,0912;     504
15,1113;     525
15,1313;     480
15,1514;     522
15,1714;     505
15,1914;     481
15,2115;     485
15,2315;     518
15,2516;     485
15,2716;     476
15,2916;     474
15,3117;     471
15,3317;     473
15,3518;     469
15,3718;     477
15,3919;     475
15,4119;     466
15,4319;     458
15,4520;     491
15,4720;     447
15,4921;     460
15,5121;     472
15,5321;     476
15,5522;     483
15,5722;     457
15,5923;     508
15,6123;     473
15,6323;     492
15,6524;     514
15,6724;     435
15,6925;     509
15,7125;     466
15,7326;     444
15,7526;     484
15,7726;     474
15,7927;     480
15,8127;     474
15,8328;     467
15,8528;     482
15,8728;     441
15,8929;     501
15,9129;     445
15,9330;     470
15,9530;     460
15,9731;     447
15,9931;     497
16,0131;     477
16,0332;     452
16,0532;     489
16,0733;     478
16,0933;     471
16,1133;     463
16,1334;     459
16,1534;     450
16,1735;     445
16,1935;     441
16,2135;     466
16,2336;     401
16,2536;     463
16,2737;     435
16,2937;     433
16,3138;     402
16,3338;     446
16,3538;     432
16,3739;     414
16,3939;     406
16,4140;     448
16,4340;     421
16,4540;     395
16,4741;     437
16,4941;     448
16,5142;     417
16,5342;     463
16,5543;     425
16,5743;     435
16,5943;     427
16,6144;     439
16,6344;     451
16,6545;     417
16,6745;     441
16,6945;     385
16,7146;     376
16,7346;     422
16,7547;     417
16,7747;     418
16,7947;     415
16,8148;     374
16,8348;     383
16,8549;     423
16,8749;     387
16,8950;     365
16,9150;     401
16,9350;     411
16,9551;     411
16,9751;     374
16,9952;     390
17,0152;     406
17,0352;     409
17,0553;     412
17,0753;     418
17,0954;     405
17,1154;     385
17,1355;     434
17,1555;     387
17,1755;     421
17,1956;     424
17,2156;     436
17,2357;     438
17,2557;     404
17,2757;     392
17,2958;     423
17,3158;     451
17,3359;     437
17,3559;     447
17,3760;     449
17,3960;     457
17,4160;     474
17,4361;     469
17,4561;     462
17,4762;     453
17,4962;     450
17,5162;     426
17,5363;     468
17,5563;     466
17,5764;     451
17,5964;     408
17,6164;     421
17,6365;     388
17,6565;     420
17,6766;     402
17,6966;     414
17,7167;     402
17,7367;     411
17,7567;     393
17,7768;     426
17,7968;     431
17,8169;     388
17,8369;     453
17,8569;     421
17,8770;     402
17,8970;     379
17,9171;     427
17,9371;     401
17,9572;     437
17,9772;     436
17,9972;     418
18,0173;     426
18,0373;     415
18,0574;     441
18,0774;     433
18,0974;     418
18,1175;     441
18,1375;     453
18,1576;     449
18,1776;     429
18,1976;     494
18,2177;     482
18,2377;     431
18,2578;     465
18,2778;     523
18,2979;     488
18,3179;     536
18,3379;     471
18,3580;     499
18,3780;     564
18,3981;     547
18,4181;     594
18,4381;     565
18,4582;     609
18,4782;     638
18,4983;     635
18,5183;     714
18,5384;     721
18,5584;     765
18,5784;     793
18,5985;     903
18,6185;     894
18,6386;    1012
18,6586;    1003
18,6786;    1051
18,6987;    1161
18,7187;    1200
18,7388;    1237
18,7588;    1312
18,7788;    1288
18,7989;    1401
18,8189;    1429
18,8390;    1456
18,8590;    1428
18,8791;    1613
18,8991;    1456
18,9191;    1579
18,9392;    1556
18,9592;    1593
18,9793;    1460
18,9993;    1503
19,0193;    1425
19,0394;    1465
19,0594;    1383
19,0795;    1349
19,0995;    1300
19,1196;    1219
19,1396;    1168
19,1596;    1110
19,1797;    1069
19,1997;     999
19,2198;     928
19,2398;     904
19,2598;     880
19,2799;     853
19,2999;     746
19,3200;     720
19,3400;     731
19,3601;     687
19,3801;     638
19,4001;     688
19,4202;     656
19,4402;     651
19,4603;     624
19,4803;     582
19,5003;     577
19,5204;     580
19,5404;     521
19,5605;     557
19,5805;     500
19,6005;     475
19,6206;     466
19,6406;     429
19,6607;     414
19,6807;     412
19,7008;     403
19,7208;     378
19,7408;     428
19,7609;     385
19,7809;     389
19,8010;     387
19,8210;     357
19,8410;     383
19,8611;     372
19,8811;     428
19,9012;     435
19,9212;     380
19,9413;     424
19,9613;     430
19,9813;     505
20,0014;     473
20,0214;     522
20,0415;     587
20,0615;     613
20,0815;     657
20,1016;     667
20,1216;     679
20,1417;     735
20,1617;     709
20,1817;     778
20,2018;     748
20,2218;     717
20,2419;     700
20,2619;     648
20,2820;     628
20,3020;     580
20,3220;     521
20,3421;     472
20,3621;     473
20,3822;     393
20,4022;     383
20,4222;     337
20,4423;     312
20,4623;     298
20,4824;     285
20,5024;     284
20,5225;     283
20,5425;     276
20,5625;     287
20,5826;     245
20,6026;     281
20,6227;     302
20,6427;     299
20,6627;     297
20,6828;     312
20,7028;     316
20,7229;     303
20,7429;     289
20,7629;     320
20,7830;     330
20,8030;     335
20,8231;     345
20,8431;     349
20,8632;     377
20,8832;     367
20,9032;     375
20,9233;     382
20,9433;     395
20,9634;     425
20,9834;     432
21,0034;     415
21,0235;     419
21,0435;     453
21,0636;     471
21,0836;     455
21,1037;     536
21,1237;     539
21,1437;     496
21,1638;     508
21,1838;     550
21,2039;     608
21,2239;     620
21,2439;     576
21,2640;     505
21,2840;     507
21,3041;     491
21,3241;     510
21,3442;     450
21,3642;     495
21,3842;     414
21,4043;     449
21,4243;     424
21,4444;     417
21,4644;     359
21,4844;     354
21,5045;     364
21,5245;     309
21,5446;     302
21,5646;     318
21,5846;     322
21,6047;     288
21,6247;     299
21,6448;     282
21,6648;     248
21,6849;     290
21,7049;     269
21,7249;     263
21,7450;     268
21,7650;     277
21,7851;     279
21,8051;     279
21,8251;     254
21,8452;     253
21,8652;     245
21,8853;     237
21,9053;     250
21,9254;     231
21,9454;     248
21,9654;     225
21,9855;     245
22,0055;     241
22,0256;     274
22,0456;     222
22,0656;     210
22,0857;     264
22,1057;     235
22,1258;     245
22,1458;     255
22,1658;     214
22,1859;     227
22,2059;     211
22,2260;     229
22,2460;     218
22,2661;     199
22,2861;     248
22,3061;     236
22,3262;     215
22,3462;     207
22,3663;     217
22,3863;     247
22,4063;     186
22,4264;     235
22,4464;     213
22,4665;     230
22,4865;     225
22,5066;     228
22,5266;     195
22,5466;     227
22,5667;     247
22,5867;     250
22,6068;     312
22,6268;     244
22,6468;     283
22,6669;     311
22,6869;     324
22,7070;     300
22,7270;     311
22,7470;     340
22,7671;     327
22,7871;     322
22,8072;     305
22,8272;     260
22,8473;     304
22,8673;     277
22,8873;     267
22,9074;     255
22,9274;     260
22,9475;     284
22,9675;     296
22,9875;     270
23,0076;     278
23,0276;     237
23,0477;     232
23,0677;     259
23,0878;     273
23,1078;     257
23,1278;     250
23,1479;     232
23,1679;     264
23,1880;     263
23,2080;     256
23,2280;     241
23,2481;     217
23,2681;     246
23,2882;     187
23,3082;     204
23,3283;     220
23,3483;     205
23,3683;     215
23,3884;     203
23,4084;     215
23,4285;     193
23,4485;     182
23,4685;     190
23,4886;     177
23,5086;     187
23,5287;     172
23,5487;     191
23,5687;     194
23,5888;     173
23,6088;     178
23,6289;     171
23,6489;     173
23,6690;     178
23,6890;     196
23,7090;     184
23,7291;     160
23,7491;     178
23,7692;     189
23,7892;     172
23,8092;     174
23,8293;     194
23,8493;     199
23,8694;     219
23,8894;     218
23,9095;     226
23,9295;     242
23,9495;     230
23,9696;     241
23,9896;     247
24,0097;     264
24,0297;     288
24,0497;     272
24,0698;     287
24,0898;     306
24,1099;     324
24,1299;     312
24,1499;     329
24,1700;     339
24,1900;     305
24,2101;     323
24,2301;     343
24,2502;     335
24,2702;     298
24,2902;     289
24,3103;     247
24,3303;     272
24,3504;     257
24,3704;     241
24,3904;     225
24,4105;     195
24,4305;     158
24,4506;     189
24,4706;     177
24,4907;     186
24,5107;     179
24,5307;     200
24,5508;     177
24,5708;     157
24,5909;     157
24,6109;     158
24,6309;     148
24,6510;     165
24,6710;     162
24,6911;     174
24,7111;     174
24,7311;     190
24,7512;     181
24,7712;     151
24,7913;     168
24,8113;     174
24,8314;     173
24,8514;     212
24,8714;     165
24,8915;     204
24,9115;     163
24,9316;     188
24,9516;     179
24,9716;     187
24,9917;     190
25,0117;     200
25,0318;     189
25,0518;     194
25,0719;     193
25,0919;     164
25,1119;     173
25,1320;     188
25,1520;     165
25,1721;     159
25,1921;     155
25,2121;     170
25,2322;     154
25,2522;     175
25,2723;     173
25,2923;     146
25,3124;     197
25,3324;     163
25,3524;     183
25,3725;     151
25,3925;     163
25,4126;     161
25,4326;     168
25,4526;     181
25,4727;     143
25,4927;     140
25,5128;     151
25,5328;     168
25,5528;     149
25,5729;     147
25,5929;     136
25,6130;     155
25,6330;     162
25,6531;     150
25,6731;     156
25,6931;     144
25,7132;     143
25,7332;     160
25,7533;     134
25,7733;     163
25,7933;     140
25,8134;     156
25,8334;     139
25,8535;     160
25,8735;     147
25,8936;     139
25,9136;     160
25,9336;     150
25,9537;     156
25,9737;     134
25,9938;     143
26,0138;     134
26,0338;     110
26,0539;     146
26,0739;     142
26,0940;     139
26,1140;     142
26,1340;     152
26,1541;     130
26,1741;     133
26,1942;     153
26,2142;     139
26,2343;     166
26,2543;     139
26,2743;     142
26,2944;     150
26,3144;     151
26,3345;     165
26,3545;     120
26,3745;     139
26,3946;     147
26,4146;     157
26,4347;     158
26,4547;     141
26,4748;     147
26,4948;     139
26,5148;     141
26,5349;     154
26,5549;     143
26,5750;     149
26,5950;     127
26,6150;     148
26,6351;     163
26,6551;     136
26,6752;     145
26,6952;     144
26,7152;     135
26,7353;     140
26,7553;     145
26,7754;     136
26,7954;     135
26,8155;     134
26,8355;     144
26,8555;     121
26,8756;     135
26,8956;     125
26,9157;     131
26,9357;     146
26,9557;     120
26,9758;     151
26,9958;     134
27,0159;     131
27,0359;     138
27,0560;     139
27,0760;     143
27,0960;     148
27,1161;     135
27,1361;     148
27,1562;     141
27,1762;     160
27,1962;     137
27,2163;     147
27,2363;     159
27,2564;     169
27,2764;     167
27,2965;     147
27,3165;     178
27,3365;     157
27,3566;     156
27,3766;     162
27,3967;     147
27,4167;     144
27,4367;     136
27,4568;     151
27,4768;     141
27,4969;     133
27,5169;     156
27,5369;     135
27,5570;     148
27,5770;     133
27,5971;     108
27,6171;     136
27,6372;     133
27,6572;     130
27,6772;     123
27,6973;     122
27,7173;     139
27,7374;     145
27,7574;     133
27,7774;     131
27,7975;     133
27,8175;     131
27,8376;     102
27,8576;     125
27,8777;     104
27,8977;     139
27,9177;     114
27,9378;     115
27,9578;     121
27,9779;     106
27,9979;     105
28,0179;     119
28,0380;     109
28,0580;      89
28,0781;     106
28,0981;     103
28,1181;      88
28,1382;      87
28,1582;      93
28,1783;      89
28,1983;      99
28,2184;      96
28,2384;      99
28,2584;     102
28,2785;     101
28,2985;     108
28,3186;     120
28,3386;     104
28,3586;      96
28,3787;      95
28,3987;      94
28,4188;     102
28,4388;     105
28,4589;     124
28,4789;     105
28,4989;      97
28,5190;     101
28,5390;     115
28,5591;     112
28,5791;     125
28,5991;     118
28,6192;      84
28,6392;     100
28,6593;     104
28,6793;     108
28,6993;      92
28,7194;      99
28,7394;     102
28,7595;      89
28,7795;     101
28,7996;      94
28,8196;     102
28,8396;      96
28,8597;      97
28,8797;      75
28,8998;      90
28,9198;      91
28,9398;     103
28,9599;      98
28,9799;      84
29,0000;      95
29,0200;     100
29,0401;      88
29,0601;     106
29,0801;      97
29,1002;      96
29,1202;      89
29,1403;     101
29,1603;      90
29,1803;     104
29,2004;      88
29,2204;      78
29,2405;      87
29,2605;      96
29,2806;     108
29,3006;      97
29,3206;     103
29,3407;     110
29,3607;      92
29,3808;      82
29,4008;      86
29,4208;      84
29,4409;      91
29,4609;      92
29,4810;      94
29,5010;      90
29,5210;      80
29,5411;      90
29,5611;      93
29,5812;      93
29,6012;      94
29,6213;     107
29,6413;      83
29,6613;      95
29,6814;      89
29,7014;     103
29,7215;     107
29,7415;      71
29,7615;      89
29,7816;      92
29,8016;     116
29,8217;      91
29,8417;      82
29,8618;      91
29,8818;     108
29,9018;      93
29,9219;      78
29,9419;      87
29,9620;      82
29,9820;      85
30,0020;      83
30,0221;      86
30,0421;      93
30,0622;      84
30,0822;     106
30,1022;     105
30,1223;      99
30,1423;      91
30,1624;      93
30,1824;      92
30,2025;      71
30,2225;      85
30,2425;      86
30,2626;      99
30,2826;      90
30,3027;      72
30,3227;      97
30,3427;      85
30,3628;      78
30,3828;      75
30,4029;      85
30,4229;      72
30,4430;      84
30,4630;      86
30,4830;      82
30,5031;      82
30,5231;      88
30,5432;      82
30,5632;      78
30,5832;      76
30,6033;      88
30,6233;      86
30,6434;      87
30,6634;      89
30,6834;      89
30,7035;      86
30,7235;      73
30,7436;      94
30,7636;      77
30,7837;      77
30,8037;      66
30,8237;      77
30,8438;      68
30,8638;      74
30,8839;      94
30,9039;      86
30,9239;      98
30,9440;      84
30,9640;      72
30,9841;      98
31,0041;      84
31,0242;      67
31,0442;      78
31,0642;      77
31,0843;      82
31,1043;      70
31,1244;      72
31,1444;      78
31,1644;      68
31,1845;      81
31,2045;      87
31,2246;      82
31,2446;      76
31,2647;      76
31,2847;      86
31,3047;      92
31,3248;      69
31,3448;      79
31,3649;      77
31,3849;      80
31,4049;      82
31,4250;      67
31,4450;      65
31,4651;      85
31,4851;      66
31,5051;      79
31,5252;      70
31,5452;      56
31,5653;      86
31,5853;      61
31,6054;      74
31,6254;      74
31,6454;      74
31,6655;      71
31,6855;      89
31,7056;      66
31,7256;      72
31,7456;      74
31,7657;      73
31,7857;      70
31,8058;      49
31,8258;      65
31,8459;      59
31,8659;      68
31,8859;      76
31,9060;      74
31,9260;      66
31,9461;      72
31,9661;      65
31,9861;      79
32,0062;      51
32,0262;      64
32,0463;      77
32,0663;      69
32,0863;      76
32,1064;      70
32,1264;      70
32,1465;      53
32,1665;      77
32,1866;      54
32,2066;      81
32,2266;      58
32,2467;      74
32,2667;      70
32,2868;      71
32,3068;      65
32,3268;      60
32,3469;      55
32,3669;      59
32,3870;      70
32,4070;      63
32,4271;      52
32,4471;      72
32,4671;      74
32,4872;      63
32,5072;      59
32,5273;      66
32,5473;      73
32,5673;      66
32,5874;      61
32,6074;      53
32,6275;      54
32,6475;      58
32,6675;      55
32,6876;      74
32,7076;      64
32,7277;      57
32,7477;      52
32,7678;      60
32,7878;      59
32,8078;      59
32,8279;      55
32,8479;      55
32,8680;      51
32,8880;      51
32,9080;      51
32,9281;      52
32,9481;      62
32,9682;      51
32,9882;      72
33,0083;      56
33,0283;      49
33,0483;      50
33,0684;      51
33,0884;      76
33,1085;      52
33,1285;      58
33,1485;      49
33,1686;      42
33,1886;      55
33,2087;      59
33,2287;      57
33,2488;      59
33,2688;      61
33,2888;      56
33,3089;      54
33,3289;      62
33,3490;      49
33,3690;      52
33,3890;      43
33,4091;      46
33,4291;      59
33,4492;      40
33,4692;      50
33,4892;      50
33,5093;      47
33,5293;      41
33,5494;      48
33,5694;      39
33,5895;      46
33,6095;      55
33,6295;      42
33,6496;      56
33,6696;      51
33,6897;      42
33,7097;      41
33,7297;      56
33,7498;      32
33,7698;      44
33,7899;      42
33,8099;      46
33,8300;      39
33,8500;      42
33,8700;      38
33,8901;      51
33,9101;      35
33,9302;      42
33,9502;      66
33,9702;      40
33,9903;      42
34,0103;      46
34,0304;      39
34,0504;      45
34,0704;      54
34,0905;      38
34,1105;      41
34,1306;      41
34,1506;      35
34,1707;      38
34,1907;      28
34,2107;      38
34,2308;      43
34,2508;      40
34,2709;      48
34,2909;      36
34,3109;      39
34,3310;      46
34,3510;      32
34,3711;      27
34,3911;      32
34,4112;      37
34,4312;      25
34,4512;      40
34,4713;      42
34,4913;      37
34,5114;      36
34,5314;      45
34,5514;      34
34,5715;      34
34,5915;      28
34,6116;      39
34,6316;      29
34,6516;      30
34,6717;      34
34,6917;      20
34,7118;      28
34,7318;      28
34,7519;      21
34,7719;      30
34,7919;      33
34,8120;      24
34,8320;      32
34,8521;      30
34,8721;      43
34,8921;      29
34,9122;      37
34,9322;      30
34,9523;      35
34,9723;      22
34,9924;      36
35,0124;      17
35,0324;      34
35,0525;      30
35,0725;      24
35,0926;      31
35,1126;      30
35,1326;      26
35,1527;      28
35,1727;      36
35,1928;      28
35,2128;      25
35,2329;      25
35,2529;      24
35,2729;      18
35,2930;      17
35,3130;      25
35,3331;      25
35,3531;      21
35,3731;      26
35,3932;      25
35,4132;      22
35,4333;      18
35,4533;      19
35,4733;      29
35,4934;      17
35,5134;      19
35,5335;      26
35,5535;      25
35,5736;      20
35,5936;      25
35,6136;      21
35,6337;      17
35,6537;      20
35,6738;      22
35,6938;      14
35,7138;      29
35,7339;      19
35,7539;      20
35,7740;      12
35,7940;      20
35,8141;      24
35,8341;      23
35,8541;      13
35,8742;      24
35,8942;      21
35,9143;      26
35,9343;      23
35,9543;      20
35,9744;      20
35,9944;      19
36,0145;      24
36,0345;      16
36,0545;      24
36,0746;      14
36,0946;      18
36,1147;      21
36,1347;      18
36,1548;      15
36,1748;      22
36,1948;      16
36,2149;      13
36,2349;      12
36,2550;      10
36,2750;      15
36,2950;      23
36,3151;      21
36,3351;      21
36,3552;      16
36,3752;      20
36,3953;      21
36,4153;      16
36,4353;      17
36,4554;      15
36,4754;      11
36,4955;      11
36,5155;      19
36,5355;      24
36,5556;      24
36,5756;      17
36,5957;      15
36,6157;      12
36,6357;      12
36,6558;      15
36,6758;      20
36,6959;      19
36,7159;      23
36,7360;      17
36,7560;      11
36,7760;      21
36,7961;      13
36,8161;      20
36,8362;      11
36,8562;      22
36,8762;      15
36,8963;      11
36,9163;      15
36,9364;      15
36,9564;      10
36,9765;      20
36,9965;      14
37,0165;      11
37,0366;      19
37,0566;      12
37,0767;      14
37,0967;       8
37,1167;      15
37,1368;       9
37,1568;      21
37,1769;      19
37,1969;      15
37,2170;      13
37,2370;      21
37,2570;       8
37,2771;      15
37,2971;      11
37,3172;      10
37,3372;       9
37,3572;      12
37,3773;      13
37,3973;       8
37,4174;      21
37,4374;      16
37,4574;      13
37,4775;      10
37,4975;      12
37,5176;      13
37,5376;       8
37,5577;      16
37,5777;       8
37,5977;      11
37,6178;      11
37,6378;      13
37,6579;      11
37,6779;       9
37,6979;       8
37,7180;       9
37,7380;       9
37,7581;       6
37,7781;      13
37,7982;       6
37,8182;       9
37,8382;       8
37,8583;      11
37,8783;       8
37,8984;       8
37,9184;      11
37,9384;       5
37,9585;       1
37,9785;       5
37,9986;       6
38,0186;       9
38,0386;       9
38,0587;       8
38,0787;       6
38,0988;       5
38,1188;       5
38,1389;       3
38,1589;       3
38,1789;       4
38,1990;       5
38,2190;       3
38,2391;       8
38,2591;      10
38,2791;      12
38,2992;       4
38,3192;       3
38,3393;       7
38,3593;       5
38,3794;       5
38,3994;       3
38,4194;       7
38,4395;       3
38,4595;       9
38,4796;       5
38,4996;       8
38,5196;       5
38,5397;       6
38,5597;       2
38,5798;       5
38,5998;       6
38,6198;       4
38,6399;       3
38,6599;       3
38,6800;       3
38,7000;       0
38,7201;       4
38,7401;       7
38,7601;       3
38,7802;       5
38,8002;       5
38,8203;       1
38,8403;       3
38,8603;       5
38,8804;       3
38,9004;       3
38,9205;       2
38,9405;       3
38,9606;       5
38,9806;       3
39,0006;       2
39,0207;       2
39,0407;       0
39,0608;       3
39,0808;       5
39,1008;       2
39,1209;       3
39,1409;       3
39,1610;       1
39,1810;       1
39,2011;       2
39,2211;       1
39,2411;       2
39,2612;       1
39,2812;       0
39,3013;       1
39,3213;       0
39,3413;       4
39,3614;       4
39,3814;       2
39,4015;       3
39,4215;       2
39,4415;       1
39,4616;       2
39,4816;       1
39,5017;       0
39,5217;       3
39,5418;       1
39,5618;       0
39,5818;       0
39,6019;       2
39,6219;       2
39,6420;       1
39,6620;       0
39,6820;       2
39,7021;       1
39,7221;       3
39,7422;       1
39,7622;       2
39,7823;       0
39,8023;       0
39,8223;       0
39,8424;       0
39,8624;       2
39,8825;       0
39,9025;       2
39,9225;       2
39,9426;       2
39,9626;       0
39,9827;       2
40,0027;       1
40,0227;       1
40,0428;       1
40,0628;       0
40,0829;       0
40,1029;       1
40,1230;       2
40,1430;       2
40,1630;       2
40,1831;       2
40,2031;       3
40,2232;       1
40,2432;       0
40,2632;       1
40,2833;       0
40,3033;       1
40,3234;       0
40,3434;       0
40,3635;       0
40,3835;       1
40,4035;       0
40,4236;       0
40,4436;       1
40,4637;       0
40,4837;       1
40,5037;       1
40,5238;       1
40,5438;       1
40,5639;       1
40,5839;       0
40,6039;       0
40,6240;       1
40,6440;       0
40,6641;       1
40,6841;       1
40,7042;       2
40,7242;       1
40,7442;       0
40,7643;       0
40,7843;       1
40,8044;       1
40,8244;       1
40,8444;       0
40,8645;       1
40,8845;       1
40,9046;       2
40,9246;       1
40,9447;       1
40,9647;       0
40,9847;       0
41,0048;       0
41,0248;       0
